FILE NAME: TC7.txt
ORIGINAL TOTAL VALUES: 12769
COUNT: 12767
MEAN: 2.4746739549971625e+20
MEDIAN: 246640973074290016256
MODE: NO MODE
SD: 1.446056470098472e+20
VAR: 2.091079314713653e+40
TIME: 2.9160985946655273
